x	y 
292.000	508.000
292.057	509.306
291.994	510.617
291.904	511.976
291.875	513.424
292.001	515.004
292.353	516.744
292.939	518.608
293.747	520.547
294.767	522.512
295.989	524.453
297.401	526.319
298.994	528.062
300.756	529.632
302.675	531.011
304.733	532.214
306.915	533.261
309.204	534.171
311.584	534.963
314.038	535.655
316.550	536.268
319.103	536.819
321.681	537.325
324.257	537.775
326.802	538.135
329.285	538.374
331.675	538.458
333.940	538.356
336.051	538.035
337.977	537.462
339.686	536.606
341.151	535.479
342.342	534.145
343.235	532.672
343.803	531.128
344.017	529.580
343.864	528.094
343.501	526.696
343.210	525.385
343.277	524.158
343.988	523.011
345.560	521.944
347.919	520.953
350.918	520.038
354.409	519.197
358.246	518.428
362.280	517.730
366.366	517.101
370.355	516.540
374.100	516.044
377.455	515.613
380.271	515.245
382.402	514.938
383.839	514.684
384.862	514.460
385.789	514.244
386.937	514.011
388.569	513.742
390.700	513.435
393.272	513.093
396.228	512.720
399.511	512.319
403.064	511.893
406.830	511.447
410.752	510.982
414.771	510.504
418.832	510.015
422.878	509.519
426.850	509.019
430.700	508.519
434.421	508.021
438.014	507.529
441.483	507.047
444.830	506.576
448.058	506.120
451.169	505.683
454.166	505.267
457.051	504.875
459.828	504.511
462.499	504.178
465.066	503.878
467.541	503.609
469.941	503.360
472.286	503.121
474.595	502.880
476.889	502.627
479.186	502.352
481.505	502.042
483.867	501.688
486.277	501.288
488.677	500.888
490.993	500.545
493.146	500.318
495.063	500.265
496.665	500.445
497.878	500.916
498.644	501.720
499.026	502.803
499.128	504.077
499.054	505.452
498.909	506.834
498.800	508.042
498.839	508.830
499.133	508.954
499.681	508.355
500.305	507.256
500.817	505.906
501.029	504.551
500.929	503.341
500.772	502.280
500.834	501.359
501.380	500.571
502.461	499.908
503.954	499.362
505.725	498.929
507.644	498.601
509.579	498.372
511.404	498.237
513.032	498.214
514.396	498.329
515.428	498.607
516.060	499.076
516.280	499.758
516.217	500.670
516.027	501.824
515.852	503.200
515.764	504.564
515.807	505.603
516.027	506.001
516.440	505.578
516.973	504.552
517.536	503.221
518.042	501.884
518.427	500.765
518.715	499.870
518.944	499.162
519.169	498.606
519.602	498.177
520.528	497.856
522.025	497.622
523.951	497.456
526.152	497.338
528.479	497.248
530.777	497.165
532.897	497.070
534.687	496.945
536.078	496.863
537.102	497.010
537.796	497.582
538.200	498.755
538.391	500.440
538.471	502.328
538.546	504.102
538.722	505.448
539.103	506.051
539.706	505.768
540.364	504.833
540.881	503.527
541.084	502.121
541.044	500.744
541.009	499.421
541.232	498.177
541.964	497.036
543.390	496.023
545.384	495.174
547.736	494.526
550.236	494.117
552.675	493.984
554.842	494.165
556.528	494.697
557.542	495.611
557.945	496.837
557.986	498.232
557.917	499.652
557.991	500.953
558.400	502.001
559.066	502.708
559.835	502.999
560.567	502.816
561.218	502.231
561.794	501.379
562.297	500.389
562.700	499.341
562.957	498.275
563.018	497.231
562.862	496.244
562.679	495.315
562.765	494.430
563.402	493.578
564.618	492.822
566.177	492.303
567.836	492.163
569.349	492.545
570.480	493.583
571.167	495.177
571.538	496.974
571.728	498.612
571.873	499.729
572.108	499.968
572.488	499.267
572.967	497.963
573.489	496.419
573.999	495.002
574.475	493.999
575.033	493.380
575.823	493.040
576.963	492.881
578.355	492.890
579.807	493.086
581.131	493.489
582.134	494.119
582.711	494.986
582.960	496.074
583.013	497.365
583.000	498.840
583.039	500.452
583.175	502.004
583.428	503.248
583.818	503.936
584.361	503.840
585.016	502.988
585.698	501.593
586.325	499.870
586.813	498.033
587.083	496.295
587.168	494.787
587.246	493.540
587.504	492.576
588.128	491.919
589.205	491.572
590.580	491.484
592.056	491.596
593.437	491.849
594.535	492.188
595.295	492.649
595.787	493.354
596.089	494.424
596.274	495.839
596.418	497.370
596.595	498.771
596.880	499.798
597.334	500.227
597.891	500.081
598.413	499.524
598.808	498.673
599.003	497.628
598.934	496.486
598.691	495.333
598.548	494.241
598.787	493.279
599.666	492.514
601.136	491.979
602.952	491.684
604.866	491.637
606.629	491.849
607.993	492.329
608.778	493.075
609.085	494.040
609.086	495.164
608.955	496.388
608.822	497.652
608.751	498.896
608.800	500.059
609.029	501.082
609.447	501.844
609.928	502.043
610.338	501.400
610.691	500.038
611.062	498.234
611.526	496.269
612.154	494.422
613.024	492.973
614.172	492.122
615.506	491.770
616.903	491.751
618.239	491.898
619.392	492.045
620.274	492.205
620.848	492.635
621.087	493.599
621.051	495.088
620.887	496.848
620.742	498.620
620.763	500.139
621.098	501.147
621.784	501.490
622.620	501.266
623.375	500.604
623.955	499.605
624.388	498.346
624.709	496.903
624.953	495.353
625.157	493.774
625.388	492.253
625.724	490.885
626.243	489.764
627.025	488.985
628.104	488.618
629.360	488.650
630.634	489.049
631.767	489.780
632.620	490.807
633.192	492.069
633.555	493.489
633.783	494.993
633.947	496.505
634.118	497.941
634.350	499.138
634.685	499.875
635.163	499.935
635.764	499.262
636.360	498.073
636.818	496.608
637.001	495.110
636.838	493.786
636.574	492.660
636.557	491.705
637.133	490.889
638.516	490.196
640.564	489.635
643.083	489.223
645.875	488.974
648.744	488.905
651.494	489.032
653.929	489.370
655.852	489.935
657.112	490.736
657.791	491.753
658.048	492.954
658.046	494.309
657.942	495.779
657.846	497.217
657.824	498.365
657.940	498.966
658.249	498.792
658.710	497.920
659.234	496.583
659.734	495.014
660.123	493.447
660.404	492.033
660.711	490.806
661.188	489.791
661.978	489.014
663.182	488.487
664.707	488.173
666.412	488.019
668.154	487.974
669.792	487.987
671.187	488.005
672.320	488.005
673.334	487.997
674.379	487.995
675.601	488.011
677.008	488.071
678.452	488.212
679.781	488.475
680.841	488.898
681.503	489.519
681.826	490.377
681.944	491.510
681.998	492.957
682.101	494.708
682.266	496.554
682.478	498.227
682.723	499.464
682.987	499.997
683.254	499.634
683.507	498.522
683.727	496.904
683.896	495.026
683.996	493.130
684.027	491.435
684.082	490.019
684.285	488.917
684.758	488.167
685.611	487.796
686.804	487.732
688.201	487.837
689.661	487.972
691.047	487.997
692.240	487.849
693.194	487.727
693.881	487.891
694.277	488.571
694.422	489.739
694.385	491.240
694.236	492.918
694.044	494.618
693.877	496.177
693.801	497.382
693.881	497.993
694.177	497.781
694.677	496.762
695.297	495.202
695.949	493.376
696.543	491.561
696.991	490.033
697.260	488.998
697.546	488.361
698.113	487.945
699.105	487.637
700.370	487.487
701.708	487.569
702.921	487.957
703.841	488.709
704.464	489.785
704.832	491.120
704.993	492.646
704.990	494.297
704.884	495.965
704.777	497.448
704.774	498.531
704.983	498.997
705.474	498.689
706.159	497.728
706.902	496.309
707.567	494.633
708.019	492.897
708.187	491.267
708.216	489.800
708.295	488.530
708.615	487.494
709.361	486.725
710.551	486.253
711.988	486.098
713.459	486.282
714.755	486.826
715.686	487.743
716.263	488.983
716.587	490.469
716.762	492.121
716.891	493.861
717.078	495.609
717.355	497.218
717.658	498.441
717.914	499.024
718.055	498.724
718.095	497.552
718.131	495.764
718.264	493.622
718.593	491.393
719.219	489.339
720.241	487.725
721.665	486.713
723.293	486.241
724.895	486.213
726.243	486.537
727.109	487.118
727.390	487.883
727.282	488.812
727.024	489.891
726.823	491.101
726.730	492.401
726.742	493.742
726.856	495.073
727.069	496.345
727.375	497.420
727.760	498.002
728.213	497.788
728.700	496.737
729.174	495.104
729.582	493.159
729.875	491.173
730.001	489.415
729.932	488.134
729.841	487.358
730.019	486.990
730.673	486.922
731.716	487.000
732.999	487.061
734.372	486.942
735.717	486.625
736.977	486.355
738.102	486.404
739.039	487.047
739.755	488.425
740.272	490.223
740.628	492.027
740.856	493.424
740.995	494.000
741.083	493.467
741.180	492.117
741.351	490.412
741.661	488.814
742.175	487.783
742.924	487.503
743.884	487.688
745.025	488.006
746.298	488.203
747.600	488.331
748.808	488.513
749.803	488.871
750.478	489.516
750.851	490.442
750.999	491.588
751.004	492.890
750.943	494.252
750.897	495.395
750.945	495.986
751.162	495.719
751.533	494.649
751.988	493.076
752.453	491.303
752.858	489.634
753.137	488.361
753.382	487.553
753.818	487.086
754.650	486.833
755.852	486.731
757.270	486.749
758.748	486.854
760.130	487.018
761.291	487.249
762.191	487.677
762.809	488.452
763.124	489.715
763.185	491.355
763.106	493.021
763.002	494.353
762.990	494.988
763.171	494.646
763.553	493.495
764.115	491.860
764.837	490.067
765.695	488.439
766.668	487.279
767.739	486.607
768.891	486.267
770.107	486.100
771.372	485.949
772.632	485.761
773.775	485.663
774.681	485.803
775.235	486.320
775.434	487.238
775.378	488.464
775.175	489.903
774.931	491.456
774.741	492.975
774.682	494.215
774.830	494.923
775.256	494.859
775.939	494.022
776.774	492.651
777.649	490.993
778.454	489.294
779.077	487.800
779.476	486.712
779.775	486.106
780.130	486.041
780.636	486.479
781.304	487.241
782.133	488.132
783.121	488.995
784.255	489.765
785.521	490.393
786.903	490.829
788.389	491.024
789.938	490.946
791.466	490.595
792.885	489.975
794.104	489.090
795.033	487.945
795.609	486.561
795.861	485.019
795.838	483.414
795.586	481.841
795.156	480.394
794.589	479.162
793.847	478.155
792.852	477.343
791.521	476.692
789.772	476.168
787.530	475.742
784.775	475.396
781.531	475.127
777.823	474.930
773.676	474.802
769.116	474.739
764.165	474.736
758.850	474.790
753.195	474.896
747.225	475.050
740.965	475.249
734.439	475.488
727.673	475.763
720.690	476.071
713.517	476.407
706.177	476.768
698.696	477.148
691.097	477.545
683.407	477.954
675.650	478.371
667.850	478.792
660.032	479.214
652.210	479.633
644.388	480.049
636.570	480.463
628.759	480.873
620.959	481.279
613.173	481.680
605.405	482.076
597.659	482.466
589.938	482.850
582.245	483.228
574.585	483.599
566.961	483.962
559.377	484.317
551.836	484.663
544.341	485.000
536.897	485.328
529.507	485.646
522.174	485.953
514.902	486.249
507.696	486.533
500.557	486.806
493.490	487.066
486.499	487.312
479.587	487.546
472.758	487.765
466.015	487.970
459.362	488.160
452.802	488.336
446.339	488.498
439.978	488.648
433.720	488.785
427.571	488.912
421.533	489.028
415.610	489.136
409.807	489.234
404.126	489.325
398.570	489.410
393.145	489.488
387.853	489.561
382.698	489.630
377.684	489.696
372.814	489.759
368.091	489.820
363.521	489.881
359.105	489.941
354.848	490.002
350.753	490.063
346.818	490.114
343.044	490.145
339.429	490.145
335.971	490.103
332.671	490.009
329.526	489.851
326.536	489.620
323.700	489.304
321.016	488.893
318.483	488.376
316.101	487.742
313.853	486.997
311.703	486.166
309.615	485.279
307.551	484.361
305.475	483.440
303.348	482.545
301.135	481.702
298.799	480.940
296.341	480.286
293.889	479.772
291.595	479.428
289.611	479.286
288.087	479.377
287.174	479.733
287.015	480.381
287.542	481.307
288.493	482.457
289.601	483.774
290.600	485.200
291.225	486.680
291.396	488.179
291.229	489.684
290.850	491.186
290.386	492.673
289.966	494.136
289.686	495.567
289.559	496.974
289.578	498.365
289.739	499.748
290.034	501.134
290.447	502.526
290.916	503.919
291.376	505.301
291.760	506.665
292.000	508.000
289.000	493.000
794.000	482.000

