x	y
360.000	1157.000
361.478	1161.093
363.279	1165.098
365.376	1169.027
367.742	1172.887
370.352	1176.690
373.179	1180.444
376.196	1184.160
379.379	1187.848
382.700	1191.516
386.133	1195.175
389.652	1198.835
393.230	1202.505
396.842	1206.194
400.461	1209.914
404.060	1213.673
407.614	1217.481
411.097	1221.348
414.481	1225.283
417.741	1229.297
420.851	1233.399
423.786	1237.598
426.544	1241.893
429.140	1246.276
431.591	1250.737
433.913	1255.269
436.122	1259.862
438.232	1264.508
440.261	1269.198
442.223	1273.923
444.136	1278.674
446.014	1283.444
447.874	1288.223
449.732	1293.003
451.603	1297.774
453.503	1302.529
455.448	1307.258
457.454	1311.953
459.538	1316.604
461.714	1321.205
463.998	1325.745
466.407	1330.216
468.956	1334.609
471.654	1338.920
474.495	1343.151
477.478	1347.303
480.596	1351.378
483.846	1355.378
487.224	1359.304
490.725	1363.160
494.345	1366.946
498.080	1370.665
501.925	1374.317
505.877	1377.906
509.931	1381.433
514.083	1384.900
518.328	1388.309
522.663	1391.662
527.083	1394.960
531.584	1398.205
536.161	1401.400
540.811	1404.546
545.528	1407.645
550.310	1410.698
555.151	1413.709
560.046	1416.679
564.984	1419.613
569.954	1422.515
574.947	1425.389
579.951	1428.242
584.956	1431.076
589.951	1433.896
594.926	1436.707
599.871	1439.514
604.773	1442.320
609.624	1445.131
614.413	1447.951
619.128	1450.784
623.759	1453.635
628.296	1456.509
632.728	1459.410
637.045	1462.342
641.235	1465.310
645.289	1468.319
649.195	1471.373
652.944	1474.476
656.524	1477.633
659.926	1480.849
663.152	1484.115
666.214	1487.415
669.125	1490.733
671.897	1494.051
674.542	1497.354
677.074	1500.624
679.505	1503.844
681.848	1506.999
684.114	1510.070
686.316	1513.042
688.468	1515.898
690.581	1518.620
692.669	1521.193
694.743	1523.600
696.816	1525.823
698.900	1527.847
701.005	1529.672
703.131	1531.318
705.281	1532.807
707.458	1534.162
709.663	1535.403
711.899	1536.552
714.169	1537.631
716.473	1538.662
718.815	1539.666
721.197	1540.665
723.621	1541.679
726.092	1542.724
728.618	1543.808
731.205	1544.941
733.862	1546.132
736.594	1547.391
739.409	1548.727
742.314	1550.149
745.317	1551.667
748.424	1553.290
751.642	1555.028
754.979	1556.890
758.442	1558.885
762.038	1561.023
765.770	1563.309
769.627	1565.729
773.595	1568.267
777.658	1570.906
781.801	1573.628
786.011	1576.416
790.272	1579.253
794.569	1582.122
798.888	1585.005
803.214	1587.887
807.532	1590.749
811.828	1593.574
816.086	1596.345
820.292	1599.046
824.432	1601.658
828.489	1604.165
832.450	1606.549
836.300	1608.794
840.024	1610.883
843.608	1612.797
847.031	1614.520
850.245	1616.032
853.192	1617.313
855.813	1618.343
858.051	1619.100
859.847	1619.565
861.143	1619.718
861.881	1619.538
862.001	1619.005
861.466	1618.107
860.312	1616.866
858.595	1615.314
856.371	1613.482
853.698	1611.401
850.631	1609.102
847.228	1606.616
843.545	1603.974
839.637	1601.208
835.563	1598.349
831.377	1595.428
827.137	1592.477
822.899	1589.525
818.720	1586.606
814.656	1583.749
810.764	1580.986
807.099	1578.347
803.691	1575.851
800.514	1573.484
797.536	1571.234
794.726	1569.084
792.053	1567.022
789.484	1565.031
786.990	1563.099
784.538	1561.209
782.097	1559.349
779.635	1557.502
777.121	1555.655
774.523	1553.794
771.811	1551.903
768.952	1549.968
765.933	1547.982
762.803	1545.962
759.630	1543.932
756.480	1541.917
753.418	1539.940
750.512	1538.025
747.827	1536.196
745.430	1534.477
743.387	1532.893
741.764	1531.466
740.628	1530.222
740.045	1529.184
740.063	1528.362
740.602	1527.672
741.519	1526.981
742.674	1526.159
743.925	1525.076
745.150	1523.625
746.318	1521.816
747.427	1519.691
748.473	1517.296
749.452	1514.674
750.362	1511.868
751.200	1508.924
751.961	1505.884
752.643	1502.793
753.243	1499.695
753.757	1496.633
754.184	1493.652
754.546	1490.783
754.896	1488.047
755.288	1485.463
755.776	1483.051
756.414	1480.830
757.256	1478.819
758.356	1477.038
759.768	1475.507
761.546	1474.244
763.737	1473.267
766.339	1472.566
769.322	1472.121
772.659	1471.912
776.322	1471.918
780.283	1472.117
784.513	1472.491
788.984	1473.017
793.668	1473.676
798.537	1474.446
803.563	1475.307
808.717	1476.239
813.972	1477.221
819.299	1478.232
824.670	1479.252
830.057	1480.260
835.432	1481.235
840.767	1482.157
846.033	1483.005
851.207	1483.764
856.291	1484.437
861.286	1485.032
866.200	1485.558
871.036	1486.024
875.799	1486.438
880.493	1486.807
885.124	1487.142
889.695	1487.450
894.213	1487.739
898.680	1488.018
903.103	1488.295
907.485	1488.579
911.832	1488.879
916.148	1489.202
920.438	1489.557
924.706	1489.952
928.957	1490.396
933.197	1490.898
937.425	1491.462
941.622	1492.075
945.756	1492.714
949.797	1493.355
953.714	1493.975
957.477	1494.552
961.053	1495.063
964.413	1495.484
967.525	1495.792
970.359	1495.964
972.884	1495.978
975.069	1495.810
976.884	1495.437
978.296	1494.836
979.294	1494.019
979.898	1493.062
980.132	1492.052
980.023	1491.076
979.600	1490.200
978.917	1489.403
978.037	1488.629
977.021	1487.827
975.932	1486.943
974.820	1485.940
973.691	1484.835
972.545	1483.657
971.380	1482.434
970.195	1481.194
968.990	1479.965
967.762	1478.776
966.509	1477.642
965.227	1476.550
963.910	1475.484
962.552	1474.426
961.147	1473.359
959.692	1472.268
958.178	1471.134
956.612	1469.947
955.051	1468.722
953.571	1467.487
952.248	1466.268
951.161	1465.094
950.385	1463.991
949.997	1462.985
949.999	1462.109
950.103	1461.415
949.955	1460.957
949.301	1460.767
948.169	1460.813
946.636	1461.049
944.775	1461.431
942.663	1461.913
940.375	1462.452
937.987	1463.003
935.561	1463.528
933.108	1464.021
930.627	1464.481
928.116	1464.909
925.574	1465.306
923.000	1465.671
920.393	1466.004
917.750	1466.306
915.071	1466.578
912.354	1466.818
909.599	1467.029
906.803	1467.208
903.971	1467.357
901.106	1467.475
898.210	1467.561
895.287	1467.613
892.340	1467.633
889.372	1467.619
886.386	1467.571
883.385	1467.488
880.373	1467.369
877.352	1467.214
874.326	1467.023
871.297	1466.795
868.253	1466.531
865.183	1466.235
862.073	1465.908
858.910	1465.553
855.681	1465.171
852.373	1464.766
848.972	1464.339
845.465	1463.893
841.840	1463.430
838.083	1462.952
834.180	1462.462
830.120	1461.962
825.887	1461.453
821.470	1460.939
816.873	1460.421
812.146	1459.896
807.349	1459.362
802.543	1458.815
797.786	1458.254
793.140	1457.676
788.664	1457.078
784.417	1456.457
780.460	1455.811
776.852	1455.136
773.653	1454.432
770.924	1453.693
768.723	1452.919
767.111	1452.106
766.147	1451.251
765.880	1450.351
766.234	1449.384
767.068	1448.322
768.237	1447.135
769.598	1445.794
771.007	1444.268
772.323	1442.530
773.454	1440.562
774.415	1438.381
775.231	1436.000
775.926	1433.438
776.525	1430.710
777.053	1427.832
777.535	1424.822
777.996	1421.695
778.461	1418.468
778.954	1415.156
779.501	1411.778
780.125	1408.348
780.845	1404.880
781.657	1401.378
782.558	1397.843
783.544	1394.280
784.609	1390.691
785.749	1387.078
786.961	1383.445
788.238	1379.794
789.578	1376.129
790.976	1372.451
792.426	1368.764
793.926	1365.070
795.469	1361.372
797.053	1357.673
798.672	1353.977
800.322	1350.284
802.001	1346.597
803.709	1342.910
805.450	1339.216
807.226	1335.509
809.037	1331.785
810.888	1328.036
812.779	1324.257
814.714	1320.442
816.694	1316.584
818.721	1312.678
820.798	1308.718
822.927	1304.698
825.109	1300.611
827.348	1296.453
829.645	1292.216
832.003	1287.895
834.423	1283.483
836.908	1278.975
839.459	1274.366
842.075	1269.662
844.750	1264.878
847.478	1260.031
850.253	1255.136
853.068	1250.210
855.919	1245.269
858.799	1240.329
861.702	1235.406
864.623	1230.517
867.555	1225.676
870.493	1220.901
873.431	1216.208
876.363	1211.612
879.282	1207.130
882.184	1202.778
885.062	1198.572
887.911	1194.528
890.724	1190.662
893.495	1186.990
896.219	1183.529
898.890	1180.294
901.502	1177.300
904.054	1174.539
906.549	1171.986
908.990	1169.614
911.379	1167.396
913.719	1165.306
916.013	1163.316
918.264	1161.401
920.474	1159.534
922.646	1157.687
924.784	1155.835
926.889	1153.952
928.965	1152.009
931.014	1149.982
933.043	1147.861
935.063	1145.656
937.084	1143.374
939.115	1141.025
941.169	1138.618
943.254	1136.162
945.382	1133.666
947.563	1131.139
949.807	1128.590
952.124	1126.029
954.526	1123.464
957.022	1120.904
959.624	1118.358
962.338	1115.835
965.157	1113.339
968.069	1110.872
971.061	1108.439
974.118	1106.040
977.228	1103.680
980.378	1101.360
983.555	1099.085
986.745	1096.856
989.935	1094.676
993.112	1092.548
996.263	1090.474
999.375	1088.459
1002.434	1086.504
1005.428	1084.612
1008.343	1082.786
1011.168	1081.024
1013.897	1079.316
1016.522	1077.648
1019.040	1076.005
1021.443	1074.375
1023.727	1072.744
1025.885	1071.099
1027.912	1069.424
1029.802	1067.709
1031.549	1065.938
1033.148	1064.097
1034.593	1062.175
1035.881	1060.162
1037.017	1058.059
1038.004	1055.865
1038.844	1053.580
1039.541	1051.204
1040.099	1048.736
1040.520	1046.176
1040.808	1043.525
1040.967	1040.782
1041.000	1037.946
1040.909	1035.019
1040.699	1032.007
1040.374	1028.915
1039.937	1025.752
1039.392	1022.522
1038.742	1019.233
1037.992	1015.892
1037.145	1012.505
1036.205	1009.079
1035.175	1005.621
1034.059	1002.137
1032.862	998.633
1031.586	995.118
1030.235	991.596
1028.814	988.075
1027.321	984.561
1025.755	981.059
1024.117	977.576
1022.404	974.117
1020.615	970.688
1018.750	967.296
1016.807	963.945
1014.786	960.642
1012.684	957.392
1010.501	954.202
1008.236	951.077
1005.888	948.023
1003.456	945.046
1000.938	942.152
998.334	939.347
995.643	936.635
992.873	934.014
990.031	931.479
987.128	929.025
984.172	926.649
981.172	924.344
978.137	922.107
975.077	919.932
971.999	917.815
968.914	915.751
965.830	913.735
962.756	911.762
959.701	909.828
956.675	907.928
953.686	906.057
950.742	904.210
947.844	902.387
944.980	900.591
942.137	898.826
939.303	897.096
936.466	895.405
933.612	893.757
930.730	892.156
927.808	890.605
924.832	889.108
921.791	887.670
918.672	886.295
915.463	884.985
912.151	883.745
908.724	882.580
905.175	881.490
901.502	880.474
897.705	879.531
893.784	878.659
889.737	877.856
885.564	877.121
881.266	876.452
876.840	875.847
872.287	875.306
867.607	874.825
862.798	874.405
857.860	874.042
852.793	873.736
847.596	873.484
842.268	873.286
836.810	873.140
831.220	873.043
825.498	872.994
819.643	872.992
813.656	873.036
807.546	873.125
801.324	873.259
795.005	873.440
788.602	873.668
782.127	873.943
775.593	874.267
769.015	874.641
762.404	875.063
755.773	875.537
749.137	876.061
742.508	876.637
735.898	877.266
729.322	877.948
722.792	878.683
716.321	879.473
709.923	880.318
703.610	881.218
697.395	882.175
691.292	883.189
685.314	884.261
679.473	885.391
673.783	886.580
668.257	887.829
662.908	889.138
657.749	890.509
652.791	891.940
648.026	893.431
643.430	894.975
638.981	896.568
634.656	898.205
630.431	899.881
626.284	901.591
622.192	903.331
618.131	905.094
614.079	906.877
610.013	908.675
605.909	910.482
601.745	912.294
597.499	914.105
593.145	915.911
588.663	917.708
584.028	919.489
579.218	921.250
574.210	922.986
568.981	924.692
563.512	926.365
557.813	928.008
551.908	929.628
545.820	931.233
539.571	932.830
533.186	934.425
526.686	936.027
520.096	937.642
513.438	939.278
506.735	940.941
500.011	942.639
493.289	944.380
486.591	946.169
479.941	948.015
473.362	949.924
466.877	951.904
460.509	953.962
454.281	956.105
448.217	958.341
442.339	960.676
436.671	963.117
431.236	965.673
426.056	968.349
421.155	971.153
416.556	974.093
412.283	977.176
408.357	980.408
404.781	983.790
401.533	987.316
398.591	990.979
395.930	994.772
393.528	998.688
391.362	1002.721
389.409	1006.862
387.645	1011.106
386.047	1015.445
384.592	1019.872
383.257	1024.380
382.019	1028.964
380.855	1033.614
379.740	1038.325
378.654	1043.090
377.571	1047.901
376.469	1052.752
375.325	1057.636
374.116	1062.546
372.823	1067.475
371.461	1072.417
370.049	1077.365
368.611	1082.316
367.169	1087.262
365.744	1092.198
364.359	1097.118
363.036	1102.016
361.796	1106.887
360.662	1111.725
359.657	1116.523
358.801	1121.277
358.117	1125.980
357.627	1130.627
357.354	1135.212
357.318	1139.728
357.543	1144.171
358.050	1148.535
358.862	1152.813
360.000	1157.000
1000.000	998.000
726.000	1532.000

